======================

0 0 0 0 0 0 0 0 0 
0 0 0 0 0 0 0 0 0 
0 0 0 0 0 0 0 0 0 
0 0 0 0 0 M 0 0 0 
0 0 0 0 0 0 0  1 0 
0 0 0 0 0  2 0 0 0 
0 0 0 0 0 0 0  3  6 
0 0 0 0 0  4  7 0 0 
0 0 0 0 0 0 0  5  8 


======================

======================

0 0 0 0 0 0 0 0 0 
0 0 0 0 0 0 15 28 45 
0 0 0 0 16 27 44 0 14 
0 0 17 0 43 M 13 26 29 
0 0 42 0 18 25 30  1 12 
0 0 19 0 41  2 11 24 31 
0 0 40 37 10 23 32  3  6 
0 38  9 20 35  4  7 22 33 
0 0 36 39  8 21 34  5  8 


======================

======================

0 0 0 0 0 0 0 0 0 
0 0 0 0 45 0 15 28 45 
0 0 46 0 16 27 44 0 14 
0 0 17 0 43 M 13 26 29 
0 0 42 47 18 25 30  1 12 
0 48 19 0 41  2 11 24 31 
0 0 40 37 10 23 32  3  6 
0 38  9 20 35  4  7 22 33 
0 0 36 39  8 21 34  5  8 


======================

======================

0 0 0 0 0 0 0 0 0 
0 0 0 0 45 50 15 28 45 
0 0 46 49 16 27 44 51 14 
0 48 17 0 43 M 13 26 29 
0 0 42 47 18 25 30  1 12 
0 48 19 0 41  2 11 24 31 
0 0 40 37 10 23 32  3  6 
0 38  9 20 35  4  7 22 33 
0 0 36 39  8 21 34  5  8 


======================

======================

0 0 0 0 0 0 0 0 0 
0 0 0 0 45 50 15 28 45 
0 0 46 49 16 27 44 51 14 
0 48 17 0 43 M 13 26 29 
0 0 42 47 18 25 30  1 12 
0 48 19 0 41  2 11 24 31 
0 0 40 37 10 23 32  3  6 
0 38  9 20 35  4  7 22 33 
0 0 36 39  8 21 34  5  8 


======================

======================

0 0 0 0 0 0 0 0 0 
0 50 0 0 45 50 15 28 45 
0 0 46 49 16 27 44 51 14 
0 48 17 0 43 M 13 26 29 
0 0 42 47 18 25 30  1 12 
0 48 19 0 41  2 11 24 31 
0 0 40 37 10 23 32  3  6 
0 38  9 20 35  4  7 22 33 
0 0 36 39  8 21 34  5  8 


======================

======================

0 0 0 0 0 0 0 0 0 
0 50 0 0 45 50 15 28 45 
0 0 46 49 16 27 44 51 14 
0 48 17 0 43 M 13 26 29 
0 0 42 47 18 25 30  1 12 
0 48 19 0 41  2 11 24 31 
0 0 40 37 10 23 32  3  6 
0 38  9 20 35  4  7 22 33 
0 0 36 39  8 21 34  5  8 


======================

======================

0 0 0 0 0 0 0 0 0 
0 50 49 0 45 50 15 28 45 
0 0 46 49 16 27 44 51 14 
0 48 17 50 43 M 13 26 29 
0 51 42 47 18 25 30  1 12 
0 48 19 52 41  2 11 24 31 
0 53 40 37 10 23 32  3  6 
0 38  9 20 35  4  7 22 33 
0 0 36 39  8 21 34  5  8 


======================

======================

0 0 0 0 0 0 0 0 0 
0 50 49 0 45 50 15 28 45 
0 0 46 49 16 27 44 51 14 
0 48 17 50 43 M 13 26 29 
0 51 42 47 18 25 30  1 12 
0 48 19 52 41  2 11 24 31 
0 53 40 37 10 23 32  3  6 
0 38  9 20 35  4  7 22 33 
0 0 36 39  8 21 34  5  8 


======================

======================

0 0 0 0 0 0 0 0 0 
0 50 49 0 45 50 15 28 45 
0 0 46 49 16 27 44 51 14 
0 48 17 50 43 M 13 26 29 
0 51 42 47 18 25 30  1 12 
0 48 19 52 41  2 11 24 31 
0 53 40 37 10 23 32  3  6 
0 38  9 20 35  4  7 22 33 
0 0 36 39  8 21 34  5  8 


======================

======================

0 0 0 0 0 0 0 0 0 
0 50 49 52 45 50 15 28 45 
0 51 46 49 16 27 44 51 14 
0 48 17 50 43 M 13 26 29 
0 51 42 47 18 25 30  1 12 
0 48 19 52 41  2 11 24 31 
0 53 40 37 10 23 32  3  6 
0 38  9 20 35  4  7 22 33 
0 0 36 39  8 21 34  5  8 


======================

======================

0 0 0 0 0 0 0 0 0 
0 50 49 52 45 50 15 28 45 
0 51 46 49 16 27 44 51 14 
0 48 17 50 43 M 13 26 29 
0 51 42 47 18 25 30  1 12 
0 48 19 52 41  2 11 24 31 
0 53 40 37 10 23 32  3  6 
0 38  9 20 35  4  7 22 33 
0 0 36 39  8 21 34  5  8 


======================

======================

0 0 0 0 0 0 0 0 0 
0 50 49 52 45 50 15 28 45 
0 51 46 49 16 27 44 51 14 
0 48 17 50 43 M 13 26 29 
0 51 42 47 18 25 30  1 12 
0 48 19 52 41  2 11 24 31 
0 53 40 37 10 23 32  3  6 
0 38  9 20 35  4  7 22 33 
0 0 36 39  8 21 34  5  8 


======================

======================

0 0 0 0 0 0 0 0 0 
0 50 49 52 45 50 15 28 45 
0 51 46 49 16 27 44 51 14 
0 48 17 50 43 M 13 26 29 
0 51 42 47 18 25 30  1 12 
0 48 19 52 41  2 11 24 31 
0 53 40 37 10 23 32  3  6 
0 38  9 20 35  4  7 22 33 
0 0 36 39  8 21 34  5  8 


======================

======================

0 0 0 0 0 0 0 0 0 
0 50 49 52 45 50 15 28 45 
0 51 46 49 16 27 44 51 14 
0 48 17 50 43 M 13 26 29 
0 51 42 47 18 25 30  1 12 
0 48 19 52 41  2 11 24 31 
0 53 40 37 10 23 32  3  6 
0 38  9 20 35  4  7 22 33 
0 0 36 39  8 21 34  5  8 


======================

======================

0 0 0 0 0 0 0 0 0 
0 50 49 52 45 50 15 28 45 
0 51 46 49 16 27 44 51 14 
0 48 17 50 43 M 13 26 29 
0 51 42 47 18 25 30  1 12 
0 48 19 52 41  2 11 24 31 
0 53 40 37 10 23 32  3  6 
0 38  9 20 35  4  7 22 33 
0 0 36 39  8 21 34  5  8 


======================

======================

0 0 0 0 0 0 0 0 0 
0 50 49 52 45 50 15 28 45 
0 51 46 49 16 27 44 51 14 
0 48 17 50 43 M 13 26 29 
0 51 42 47 18 25 30  1 12 
0 48 19 52 41  2 11 24 31 
0 53 40 37 10 23 32  3  6 
0 38  9 20 35  4  7 22 33 
0 0 36 39  8 21 34  5  8 


======================

======================

0 0 0 0 0 0 0 0 0 
0 50 49 52 45 50 15 28 45 
0 51 46 49 16 27 44 51 14 
0 48 17 50 43 M 13 26 29 
0 51 42 47 18 25 30  1 12 
0 48 19 52 41  2 11 24 31 
0 53 40 37 10 23 32  3  6 
0 38  9 20 35  4  7 22 33 
0 0 36 39  8 21 34  5  8 


======================

======================

0 0 0 0 0 0 0 0 0 
0 50 49 52 45 50 15 28 45 
0 51 46 49 16 27 44 51 14 
0 48 17 50 43 M 13 26 29 
0 51 42 47 18 25 30  1 12 
0 48 19 52 41  2 11 24 31 
0 53 40 37 10 23 32  3  6 
0 38  9 20 35  4  7 22 33 
0 0 36 39  8 21 34  5  8 


======================

======================

0 0 0 0 0 0 0 0 0 
0 50 49 52 45 50 15 28 45 
0 51 46 49 16 27 44 51 14 
0 48 17 50 43 M 13 26 29 
0 51 42 47 18 25 30  1 12 
0 48 19 52 41  2 11 24 31 
0 53 40 37 10 23 32  3  6 
0 38  9 20 35  4  7 22 33 
0 0 36 39  8 21 34  5  8 


======================

======================

0 0 0 0 0 0 0 0 0 
0 50 49 52 45 50 15 28 45 
0 51 46 49 16 27 44 51 14 
0 48 17 50 43 M 13 26 29 
0 51 42 47 18 25 30  1 12 
0 48 19 52 41  2 11 24 31 
0 53 40 37 10 23 32  3  6 
0 38  9 20 35  4  7 22 33 
0 0 36 39  8 21 34  5  8 


======================

======================

0 0 0 0 0 0 0 0 0 
0 50 49 52 45 50 15 28 45 
0 51 46 49 16 27 44 51 14 
0 48 17 50 43 M 13 26 29 
0 51 42 47 18 25 30  1 12 
0 48 19 52 41  2 11 24 31 
0 53 40 37 10 23 32  3  6 
0 38  9 20 35  4  7 22 33 
0 0 36 39  8 21 34  5  8 


======================

======================

0 0 0 0 0 0 0 0 0 
0 50 49 52 45 50 15 28 45 
0 51 46 49 16 27 44 51 14 
0 48 17 50 43 M 13 26 29 
0 51 42 47 18 25 30  1 12 
0 48 19 52 41  2 11 24 31 
0 53 40 37 10 23 32  3  6 
0 38  9 20 35  4  7 22 33 
0 41 36 39  8 21 34  5  8 


======================

======================

0 0 0 0 0 0 0 0 0 
0 50 49 52 45 50 15 28 45 
0 51 46 49 16 27 44 51 14 
0 48 17 50 43 M 13 26 29 
0 51 42 47 18 25 30  1 12 
0 48 19 52 41  2 11 24 31 
0 53 40 37 10 23 32  3  6 
0 38  9 20 35  4  7 22 33 
0 41 36 39  8 21 34  5  8 


======================

======================

0 0 0 0 0 0 0 0 0 
0 50 49 52 45 50 15 28 45 
0 51 46 49 16 27 44 51 14 
0 48 17 50 43 M 13 26 29 
0 51 42 47 18 25 30  1 12 
0 48 19 52 41  2 11 24 31 
0 53 40 37 10 23 32  3  6 
0 38  9 20 35  4  7 22 33 
0 41 36 39  8 21 34  5  8 


======================

======================

0 0 0 0 0 0 0 0 0 
0 50 49 52 45 50 15 28 45 
0 51 46 49 16 27 44 51 14 
0 48 17 50 43 M 13 26 29 
0 51 42 47 18 25 30  1 12 
0 48 19 52 41  2 11 24 31 
0 53 40 37 10 23 32  3  6 
0 38  9 20 35  4  7 22 33 
0 41 36 39  8 21 34  5  8 


======================

======================

0 0 0 0 0 0 0 0 0 
0 50 49 52 45 50 15 28 45 
0 51 46 49 16 27 44 51 14 
0 48 17 50 43 M 13 26 29 
0 51 42 47 18 25 30  1 12 
0 48 19 52 41  2 11 24 31 
0 53 40 37 10 23 32  3  6 
0 38  9 20 35  4  7 22 33 
0 41 36 39  8 21 34  5  8 


======================

======================

0 0 0 0 0 0 0 0 0 
0 50 49 52 45 50 15 28 45 
0 51 46 49 16 27 44 51 14 
0 48 17 50 43 M 13 26 29 
0 51 42 47 18 25 30  1 12 
0 48 19 52 41  2 11 24 31 
0 53 40 37 10 23 32  3  6 
0 38  9 20 35  4  7 22 33 
0 41 36 39  8 21 34  5  8 


======================

======================

0 0 0 0 0 0 0 0 0 
0 50 49 52 45 50 15 28 45 
0 51 46 49 16 27 44 51 14 
0 48 17 50 43 M 13 26 29 
0 51 42 47 18 25 30  1 12 
0 48 19 52 41  2 11 24 31 
0 53 40 37 10 23 32  3  6 
0 38  9 20 35  4  7 22 33 
0 41 36 39  8 21 34  5  8 


======================

======================

0 0 0 0 0 0 0 0 0 
0 50 49 52 45 50 15 28 45 
0 51 46 49 16 27 44 51 14 
0 48 17 50 43 M 13 26 29 
0 51 42 47 18 25 30  1 12 
0 48 19 52 41  2 11 24 31 
0 53 40 37 10 23 32  3  6 
0 38  9 20 35  4  7 22 33 
0 41 36 39  8 21 34  5  8 


======================

======================

0 0 0 0 0 0 0 0 0 
0 50 49 52 45 50 15 28 45 
0 51 46 49 16 27 44 51 14 
0 48 17 50 43 M 13 26 29 
0 51 42 47 18 25 30  1 12 
0 48 19 52 41  2 11 24 31 
0 53 40 37 10 23 32  3  6 
0 38  9 20 35  4  7 22 33 
0 41 36 39  8 21 34  5  8 


======================

======================

0 0 0 0 0 0 0 0 0 
0 50 49 52 45 50 15 28 45 
0 51 46 49 16 27 44 51 14 
0 48 17 50 43 M 13 26 29 
0 51 42 47 18 25 30  1 12 
0 48 19 52 41  2 11 24 31 
0 53 40 37 10 23 32  3  6 
0 38  9 20 35  4  7 22 33 
0 41 36 39  8 21 34  5  8 


======================

======================

0 0 0 0 0 0 0 0 0 
0 50 49 52 45 50 15 28 45 
0 51 46 49 16 27 44 51 14 
0 48 17 50 43 M 13 26 29 
0 51 42 47 18 25 30  1 12 
0 48 19 52 41  2 11 24 31 
0 53 40 37 10 23 32  3  6 
0 38  9 20 35  4  7 22 33 
0 41 36 39  8 21 34  5  8 


======================

======================

0 0 0 0 0 0 0 0 0 
0 50 49 52 45 50 15 28 45 
0 51 46 49 16 27 44 51 14 
0 48 17 50 43 M 13 26 29 
0 51 42 47 18 25 30  1 12 
0 48 19 52 41  2 11 24 31 
0 53 40 37 10 23 32  3  6 
0 38  9 20 35  4  7 22 33 
0 41 36 39  8 21 34  5  8 


======================

======================

0 0 0 0 0 0 0 0 0 
0 50 49 52 45 50 15 28 45 
0 51 46 49 16 27 44 51 14 
0 48 17 50 43 M 13 26 29 
0 51 42 47 18 25 30  1 12 
0 48 19 52 41  2 11 24 31 
0 53 40 37 10 23 32  3  6 
0 38  9 20 35  4  7 22 33 
0 41 36 39  8 21 34  5  8 


======================

======================

0 0 0 0 0 0 0 0 0 
0 50 49 52 45 50 15 28 45 
0 51 46 49 16 27 44 51 14 
0 48 17 50 43 M 13 26 29 
0 51 42 47 18 25 30  1 12 
0 48 19 52 41  2 11 24 31 
0 53 40 37 10 23 32  3  6 
0 38  9 20 35  4  7 22 33 
0 41 36 39  8 21 34  5  8 


======================

======================

0 0 0 0 0 0 0 0 0 
0 50 49 52 45 50 15 28 45 
0 51 46 49 16 27 44 51 14 
0 48 17 50 43 M 13 26 29 
0 51 42 47 18 25 30  1 12 
0 48 19 52 41  2 11 24 31 
0 53 40 37 10 23 32  3  6 
0 38  9 20 35  4  7 22 33 
0 41 36 39  8 21 34  5  8 


======================

======================

0 0 0 0 0 0 0 0 0 
0 50 49 52 45 50 15 28 45 
0 51 46 49 16 27 44 51 14 
0 48 17 50 43 M 13 26 29 
0 51 42 47 18 25 30  1 12 
0 48 19 52 41  2 11 24 31 
0 53 40 37 10 23 32  3  6 
0 38  9 20 35  4  7 22 33 
0 41 36 39  8 21 34  5  8 


======================

======================

0 0 0 0 0 0 0 0 0 
0 50 49 52 45 50 15 28 45 
0 51 46 49 16 27 44 51 14 
0 48 17 50 43 M 13 26 29 
0 51 42 47 18 25 30  1 12 
0 48 19 52 41  2 11 24 31 
0 53 40 37 10 23 32  3  6 
0 38  9 20 35  4  7 22 33 
0 41 36 39  8 21 34  5  8 


======================

======================

0 0 0 0 0 0 0 0 0 
0 50 49 52 45 50 15 28 45 
0 51 46 49 16 27 44 51 14 
0 48 17 50 43 M 13 26 29 
0 51 42 47 18 25 30  1 12 
0 48 19 52 41  2 11 24 31 
0 53 40 37 10 23 32  3  6 
0 38  9 20 35  4  7 22 33 
0 41 36 39  8 21 34  5  8 


======================

======================

0 0 0 0 0 0 0 0 0 
0 50 49 52 45 50 15 28 45 
0 51 46 49 16 27 44 51 14 
0 48 17 50 43 M 13 26 29 
0 51 42 47 18 25 30  1 12 
0 48 19 52 41  2 11 24 31 
0 53 40 37 10 23 32  3  6 
0 38  9 20 35  4  7 22 33 
0 41 36 39  8 21 34  5  8 


======================

======================

0 0 0 0 0 0 0 0 0 
0 50 49 52 45 50 15 28 45 
0 51 46 49 16 27 44 51 14 
0 48 17 50 43 M 13 26 29 
0 51 42 47 18 25 30  1 12 
0 48 19 52 41  2 11 24 31 
0 53 40 37 10 23 32  3  6 
0 38  9 20 35  4  7 22 33 
0 41 36 39  8 21 34  5  8 


======================

======================

0 0 0 0 0 0 0 0 0 
0 50 49 52 45 50 15 28 45 
0 51 46 49 16 27 44 51 14 
0 48 17 50 43 M 13 26 29 
0 51 42 47 18 25 30  1 12 
0 48 19 52 41  2 11 24 31 
0 53 40 37 10 23 32  3  6 
0 38  9 20 35  4  7 22 33 
0 41 36 39  8 21 34  5  8 


======================

======================

0 0 0 0 0 0 0 0 0 
0 50 49 52 45 50 15 28 45 
0 51 46 49 16 27 44 51 14 
0 48 17 50 43 M 13 26 29 
0 51 42 47 18 25 30  1 12 
0 48 19 52 41  2 11 24 31 
0 53 40 37 10 23 32  3  6 
0 38  9 20 35  4  7 22 33 
0 41 36 39  8 21 34  5  8 


======================

======================

0 0 0 0 0 0 0 0 0 
0 50 49 52 45 50 15 28 45 
0 51 46 49 16 27 44 51 14 
0 48 17 50 43 M 13 26 29 
0 51 42 47 18 25 30  1 12 
0 48 19 52 41  2 11 24 31 
0 53 40 37 10 23 32  3  6 
0 38  9 20 35  4  7 22 33 
0 41 36 39  8 21 34  5  8 


======================

======================

0 0 0 0 0 0 0 0 0 
0 50 49 52 45 50 15 28 45 
0 51 46 49 16 27 44 51 14 
0 48 17 50 43 M 13 26 29 
0 51 42 47 18 25 30  1 12 
0 48 19 52 41  2 11 24 31 
0 53 40 37 10 23 32  3  6 
0 38  9 20 35  4  7 22 33 
0 41 36 39  8 21 34  5  8 


======================

======================

0 0 0 0 0 0 0 0 0 
0 50 49 52 45 50 15 28 45 
0 51 46 49 16 27 44 51 14 
0 48 17 50 43 M 13 26 29 
0 51 42 47 18 25 30  1 12 
0 48 19 52 41  2 11 24 31 
0 53 40 37 10 23 32  3  6 
0 38  9 20 35  4  7 22 33 
0 41 36 39  8 21 34  5  8 


======================

======================

0 0 0 0 0 0 0 0 0 
0 50 49 52 45 50 15 28 45 
0 51 46 49 16 27 44 51 14 
0 48 17 50 43 M 13 26 29 
0 51 42 47 18 25 30  1 12 
0 48 19 52 41  2 11 24 31 
0 53 40 37 10 23 32  3  6 
0 38  9 20 35  4  7 22 33 
0 41 36 39  8 21 34  5  8 


======================

======================

0 0 0 0 0 0 0 0 0 
0 50 49 52 45 50 15 28 45 
0 51 46 49 16 27 44 51 14 
0 48 17 50 43 M 13 26 29 
0 51 42 47 18 25 30  1 12 
0 48 19 52 41  2 11 24 31 
0 53 40 37 10 23 32  3  6 
0 38  9 20 35  4  7 22 33 
0 41 36 39  8 21 34  5  8 


======================

======================

0 0 0 0 0 0 0 0 0 
0 50 49 52 45 50 15 28 45 
0 51 46 49 16 27 44 51 14 
0 48 17 50 43 M 13 26 29 
0 51 42 47 18 25 30  1 12 
0 48 19 52 41  2 11 24 31 
0 53 40 37 10 23 32  3  6 
0 38  9 20 35  4  7 22 33 
0 41 36 39  8 21 34  5  8 


======================

======================

0 0 0 0 0 0 0 0 0 
0 50 49 52 45 50 15 28 45 
0 51 46 49 16 27 44 51 14 
0 48 17 50 43 M 13 26 29 
0 51 42 47 18 25 30  1 12 
0 48 19 52 41  2 11 24 31 
0 53 40 37 10 23 32  3  6 
0 38  9 20 35  4  7 22 33 
0 41 36 39  8 21 34  5  8 


======================

======================

0 0 0 0 0 0 0 0 0 
0 50 49 52 45 50 15 28 45 
0 51 46 49 16 27 44 51 14 
0 48 17 50 43 M 13 26 29 
0 51 42 47 18 25 30  1 12 
0 48 19 52 41  2 11 24 31 
0 53 40 37 10 23 32  3  6 
0 38  9 20 35  4  7 22 33 
0 41 36 39  8 21 34  5  8 


======================

======================

0 0 0 0 0 0 0 0 0 
0 50 49 52 45 50 15 28 45 
0 51 46 49 16 27 44 51 14 
0 48 17 50 43 M 13 26 29 
0 51 42 47 18 25 30  1 12 
0 48 19 52 41  2 11 24 31 
0 53 40 37 10 23 32  3  6 
0 38  9 20 35  4  7 22 33 
0 41 36 39  8 21 34  5  8 


======================

======================

0 0 0 0 0 0 0 0 0 
0 50 49 52 45 50 15 28 45 
0 51 46 49 16 27 44 51 14 
0 48 17 50 43 M 13 26 29 
0 51 42 47 18 25 30  1 12 
0 48 19 52 41  2 11 24 31 
0 53 40 37 10 23 32  3  6 
0 38  9 20 35  4  7 22 33 
0 41 36 39  8 21 34  5  8 


======================

======================

0 0 0 0 0 0 0 0 0 
0 50 49 52 45 50 15 28 45 
0 51 46 49 16 27 44 51 14 
0 48 17 50 43 M 13 26 29 
0 51 42 47 18 25 30  1 12 
0 48 19 52 41  2 11 24 31 
0 53 40 37 10 23 32  3  6 
0 38  9 20 35  4  7 22 33 
0 41 36 39  8 21 34  5  8 


======================

======================

0 0 0 0 0 0 0 0 0 
0 50 49 52 45 50 15 28 45 
0 51 46 49 16 27 44 51 14 
0 48 17 50 43 M 13 26 29 
0 51 42 47 18 25 30  1 12 
0 48 19 52 41  2 11 24 31 
0 53 40 37 10 23 32  3  6 
0 38  9 20 35  4  7 22 33 
0 41 36 39  8 21 34  5  8 


======================

======================

0 0 0 0 0 0 0 0 0 
0 50 49 52 45 50 15 28 45 
0 51 46 49 16 27 44 51 14 
0 48 17 50 43 M 13 26 29 
0 51 42 47 18 25 30  1 12 
0 48 19 52 41  2 11 24 31 
0 53 40 37 10 23 32  3  6 
0 38  9 20 35  4  7 22 33 
0 41 36 39  8 21 34  5  8 


======================

======================

0 0 0 0 0 0 0 0 0 
0 50 49 52 45 50 15 28 45 
0 51 46 49 16 27 44 51 14 
0 48 17 50 43 M 13 26 29 
0 51 42 47 18 25 30  1 12 
0 48 19 52 41  2 11 24 31 
0 53 40 37 10 23 32  3  6 
0 38  9 20 35  4  7 22 33 
0 41 36 39  8 21 34  5  8 


======================

======================

0 0 0 0 0 0 0 0 0 
0 50 49 52 45 50 15 28 45 
0 51 46 49 16 27 44 51 14 
0 48 17 50 43 M 13 26 29 
0 51 42 47 18 25 30  1 12 
0 48 19 52 41  2 11 24 31 
0 53 40 37 10 23 32  3  6 
0 38  9 20 35  4  7 22 33 
0 41 36 39  8 21 34  5  8 


======================

======================

0 0 0 0 0 0 0 0 0 
0 50 49 52 45 50 15 28 45 
0 51 46 49 16 27 44 51 14 
0 48 17 50 43 M 13 26 29 
0 51 42 47 18 25 30  1 12 
0 48 19 52 41  2 11 24 31 
0 53 40 37 10 23 32  3  6 
0 38  9 20 35  4  7 22 33 
0 41 36 39  8 21 34  5  8 


======================

======================

0 0 0 0 0 0 0 0 0 
0 50 49 52 45 50 15 28 45 
0 51 46 49 16 27 44 51 14 
0 48 17 50 43 M 13 26 29 
0 51 42 47 18 25 30  1 12 
0 48 19 52 41  2 11 24 31 
0 53 40 37 10 23 32  3  6 
0 38  9 20 35  4  7 22 33 
0 41 36 39  8 21 34  5  8 


======================

======================

0 0 0 0 0 0 0 0 0 
0 50 49 52 45 50 15 28 45 
0 51 46 49 16 27 44 51 14 
0 48 17 50 43 M 13 26 29 
0 51 42 47 18 25 30  1 12 
0 48 19 52 41  2 11 24 31 
0 53 40 37 10 23 32  3  6 
0 38  9 20 35  4  7 22 33 
0 41 36 39  8 21 34  5  8 


======================

======================

0 0 0 0 0 0 0 0 0 
0 50 49 52 45 50 15 28 45 
0 51 46 49 16 27 44 51 14 
0 48 17 50 43 M 13 26 29 
0 51 42 47 18 25 30  1 12 
0 48 19 52 41  2 11 24 31 
0 53 40 37 10 23 32  3  6 
0 38  9 20 35  4  7 22 33 
0 41 36 39  8 21 34  5  8 


======================

======================

0 0 0 0 0 0 0 0 0 
0 50 49 52 45 50 15 28 45 
0 51 46 49 16 27 44 51 14 
0 48 17 50 43 M 13 26 29 
0 51 42 47 18 25 30  1 12 
0 48 19 52 41  2 11 24 31 
0 53 40 37 10 23 32  3  6 
0 38  9 20 35  4  7 22 33 
0 41 36 39  8 21 34  5  8 


======================

